1.106999963521957397e-01 8.892999887466430664e-01
1.150000020861625671e-01 8.849999904632568359e-01
9.300000220537185669e-02 9.070000052452087402e-01
4.450000077486038208e-02 9.555000066757202148e-01
1.230999976396560669e-01 8.769000172615051270e-01
3.860000148415565491e-02 9.613999724388122559e-01
2.089999988675117493e-02 9.790999889373779297e-01
1.080000028014183044e-01 8.920000195503234863e-01
1.076999977231025696e-01 8.923000097274780273e-01
8.449999988079071045e-02 9.154999852180480957e-01
3.770000115036964417e-02 9.623000025749206543e-01
1.032999977469444275e-01 8.967000246047973633e-01
4.170000180602073669e-02 9.582999944686889648e-01
2.690000087022781372e-02 9.731000065803527832e-01
5.490000173449516296e-02 9.451000094413757324e-01
1.845999956130981445e-01 8.154000043869018555e-01
7.769999653100967407e-02 9.222999811172485352e-01
